0.00761401 2.27364e+06
0.022842 0
0.03807 0
0.0532981 0
0.0685261 0
0.0837541 0
0.0989821 0
0.11421 0
0.129438 0
0.144666 0
0.159894 0
0.175122 0
0.19035 0
0.205578 0
0.220806 0
0.236034 0
0.251262 0
0.26649 0
0.281718 0
0.296946 0
0.312174 0
0.327402 0
0.34263 0
0.357858 0
0.373086 0
0.388314 0
0.403543 0
0.418771 0
0.433999 0
0.449227 0
0.464455 0
0.479683 0
0.494911 0
0.510139 0
0.525367 0
0.540595 0
0.555823 0
0.571051 0
0.586279 0
0.601507 0
0.616735 0
0.631963 0
0.647191 0
0.662419 0
0.677647 0
0.692875 0
0.708103 0
0.723331 0
0.738559 0
0.753787 0
0.769015 0
0.784243 0
0.799471 0
0.814699 0
0.829927 0
0.845155 0
0.860383 0
0.875611 0
0.890839 0
0.906067 0
0.921295 0
0.936523 0
0.951751 0
0.966979 0
0.982207 0
0.997435 0
1.01266 0
1.02789 0
1.04312 0
1.05835 0
1.07358 0
1.0888 0
1.10403 0
1.11926 0
1.13449 0
1.14972 0
1.16494 0
1.18017 0
1.1954 0
1.21063 0
1.22586 0
1.24108 0
1.25631 0
1.27154 0
1.28677 0
1.302 0
1.31722 0
1.33245 0
1.34768 0
1.36291 0
1.37814 0
1.39336 0
1.40859 0.015817
1.42382 0.0490216
1.43905 0.272783
1.45428 0.976895
1.4695 2.98168
1.48473 6.70771
1.49996 12.3749
1.51519 18.7254
1.53042 23.1225
1.54564 22.5968
1.56087 18.7488
1.5761 12.2483
1.59133 6.82648
1.60656 2.88983
1.62178 1.03012
1.63701 0.322052
1.65224 0.0498164
1.66747 0.0112871
1.6827 0.00184729
1.69792 0
1.71315 0
1.72838 0
1.74361 0
1.75884 0
1.77406 0
1.78929 0
1.80452 0
1.81975 0
1.83498 0
1.8502 0
1.86543 0
1.88066 0
1.89589 0
1.91112 0
1.92634 0
1.94157 0
1.9568 0
1.97203 0
1.98726 0
2.00248 0
2.01771 0
2.03294 0
2.04817 0
2.0634 0
2.07862 0
2.09385 0
2.10908 0
2.12431 0
2.13954 0
2.15476 0
2.16999 0
2.18522 0
2.20045 0
2.21568 0
2.2309 0
2.24613 0
2.26136 0
2.27659 0.0030276
2.29182 0.00199167
2.30704 0.00294819
2.32227 0.00969885
2.3375 0.0124448
2.35273 0.0349627
2.36796 0.0522381
2.38319 0.0976197
2.39841 0.160034
2.41364 0.269354
2.42887 0.425579
2.4441 0.670716
2.45933 0.911498
2.47455 1.21124
2.48978 1.65042
2.50501 2.03301
2.52024 2.55944
2.53547 2.96246
2.55069 3.34284
2.56592 3.37557
2.58115 3.46854
2.59638 3.22468
2.61161 2.9924
2.62683 2.6076
2.64206 2.14228
2.65729 1.75705
2.67252 1.3138
2.68775 0.920997
2.70297 0.61569
2.7182 0.445989
2.73343 0.277221
2.74866 0.151618
2.76389 0.087643
2.77911 0.0650139
2.79434 0.0515797
2.80957 0.0404201
2.8248 0.044574
2.84003 0.0460427
2.85525 0.05646
2.87048 0.0628453
2.88571 0.0722337
2.90094 0.0795574
2.91617 0.0897999
2.93139 0.0967824
2.94662 0.110243
2.96185 0.114478
2.97708 0.122753
2.99231 0.141952
3.00753 0.146879
3.02276 0.174026
3.03799 0.179086
3.05322 0.177865
3.06845 0.187215
3.08367 0.187021
3.0989 0.199348
3.11413 0.201179
3.12936 0.224864
3.14459 0.234857
3.15981 0.195928
3.17504 0.200279
3.19027 0.21122
3.2055 0.206672
3.22073 0.18657
3.23595 0.185318
3.25118 0.179132
3.26641 0.175995
3.28164 0.165137
3.29687 0.157359
3.31209 0.14924
3.32732 0.152602
3.34255 0.140915
3.35778 0.134073
3.37301 0.14206
3.38823 0.123472
3.40346 0.13682
3.41869 0.12889
3.43392 0.132186
3.44915 0.128383
3.46437 0.140767
3.4796 0.150338
3.49483 0.166589
3.51006 0.163873
3.52529 0.16709
3.54051 0.18944
3.55574 0.199404
3.57097 0.220267
3.5862 0.226128
3.60143 0.256885
3.61665 0.285117
3.63188 0.294627
3.64711 0.314193
3.66234 0.337714
3.67757 0.317906
3.69279 0.367454
3.70802 0.402104
3.72325 0.410141
3.73848 0.459575
3.75371 0.471445
3.76893 0.532818
3.78416 0.551185
3.79939 0.61236
3.81462 0.708128
3.82985 0.8209
3.84507 0.899673
3.8603 1.03509
3.87553 1.12309
3.89076 1.25771
3.90599 1.32643
3.92122 1.42024
3.93644 1.44843
3.95167 1.43294
3.9669 1.43725
3.98213 1.39131
3.99736 1.28907
4.01258 1.21239
4.02781 1.13327
4.04304 1.04412
4.05827 0.933079
4.0735 0.908779
4.08872 0.886065
4.10395 0.854347
4.11918 0.791012
4.13441 0.809676
4.14964 0.824096
4.16486 0.817478
4.18009 0.852244
4.19532 0.826752
4.21055 0.882149
4.22578 0.871116
4.241 0.886682
4.25623 0.897962
4.27146 0.886124
4.28669 0.937907
4.30192 0.93891
4.31714 0.948575
4.33237 0.958081
4.3476 0.954426
4.36283 1.01977
4.37806 1.0075
4.39328 1.02357
4.40851 1.04907
4.42374 1.08543
4.43897 1.05384
4.4542 1.09278
4.46942 1.08954
4.48465 1.10686
4.49988 1.15182
4.51511 1.14201
4.53034 1.15983
4.54556 1.21004
4.56079 1.16451
4.57602 1.14853
4.59125 1.17492
4.60648 1.20512
4.6217 1.18421
4.63693 1.16939
4.65216 1.17456
4.66739 1.20412
4.68262 1.20966
4.69784 1.19235
4.71307 1.16135
4.7283 1.20676
4.74353 1.18414
4.75876 1.14747
4.77398 1.20006
4.78921 1.18652
4.80444 1.14887
4.81967 1.12856
4.8349 1.16577
4.85012 1.17247
4.86535 1.18259
4.88058 1.16666
4.89581 1.18255
4.91104 1.15506
4.92626 1.17788
4.94149 1.18884
4.95672 1.21348
4.97195 1.25832
4.98718 1.23719
5.0024 1.28005
5.01763 1.30657
5.03286 1.30136
5.04809 1.32287
5.06332 1.35981
5.07854 1.37905
5.09377 1.37706
5.109 1.37668
5.12423 1.40795
5.13946 1.37903
5.15468 1.38684
5.16991 1.39805
5.18514 1.37254
5.20037 1.37805
5.2156 1.31291
5.23082 1.33662
5.24605 1.29124
5.26128 1.26413
5.27651 1.24613
5.29174 1.22851
5.30696 1.22742
5.32219 1.24201
5.33742 1.21069
5.35265 1.19761
5.36788 1.1861
5.3831 1.21622
5.39833 1.21314
5.41356 1.17866
5.42879 1.20542
5.44402 1.20081
5.45925 1.17165
5.47447 1.18033
5.4897 1.18507
5.50493 1.17473
5.52016 1.17255
5.53539 1.18727
5.55061 1.17567
5.56584 1.17516
5.58107 1.16607
5.5963 1.15188
5.61153 1.15743
5.62675 1.15927
5.64198 1.15631
5.65721 1.13522
5.67244 1.16262
5.68767 1.14039
5.70289 1.14959
5.71812 1.14235
5.73335 1.11688
5.74858 1.14009
5.76381 1.12526
5.77903 1.12106
5.79426 1.09929
5.80949 1.1143
5.82472 1.09692
5.83995 1.1162
5.85517 1.12154
5.8704 1.10374
5.88563 1.09139
5.90086 1.09283
5.91609 1.07704
5.93131 1.09308
5.94654 1.08128
5.96177 1.08003
5.977 1.06941
5.99223 1.09034
6.00745 1.05511
6.02268 1.03392
6.03791 1.09069
6.05314 1.0578
6.06837 1.05833
6.08359 1.06067
6.09882 1.07141
6.11405 1.08944
6.12928 1.01957
6.14451 1.03711
6.15973 1.03791
6.17496 1.04213
6.19019 1.03319
6.20542 1.03763
6.22065 1.01133
6.23587 1.02833
6.2511 1.04327
6.26633 1.02901
6.28156 1.03675
6.29679 1.01697
6.31201 1.00327
6.32724 1.02745
6.34247 1.0159
6.3577 1.02553
6.37293 1.03145
6.38815 1.03436
6.40338 1.05381
6.41861 1.04716
6.43384 1.03905
6.44907 1.0334
6.46429 1.02941
6.47952 1.03156
6.49475 1.03193
6.50998 1.02662
6.52521 1.02023
6.54043 1.01708
6.55566 0.998726
6.57089 0.990953
6.58612 0.972268
6.60135 0.965387
6.61657 0.9901
6.6318 0.967006
6.64703 0.971459
6.66226 0.952646
6.67749 0.956869
6.69271 0.94131
6.70794 0.947619
6.72317 0.95768
6.7384 0.950131
6.75363 0.956057
6.76885 0.939089
6.78408 0.935446
6.79931 0.956264
6.81454 0.940506
6.82977 0.943382
6.84499 0.924565
6.86022 0.948027
6.87545 0.930665
6.89068 0.965112
6.90591 0.932345
6.92113 0.933379
6.93636 0.91787
6.95159 0.959205
6.96682 0.931632
6.98205 0.951177
6.99728 0.925249
7.0125 0.933041
7.02773 0.916823
7.04296 0.936061
7.05819 0.929926
7.07342 0.911918
7.08864 0.910086
7.10387 0.916035
7.1191 0.892408
7.13433 0.918404
7.14956 0.913575
7.16478 0.915096
7.18001 0.909697
7.19524 0.919288
7.21047 0.908366
7.2257 0.906946
7.24092 0.909819
7.25615 0.892395
7.27138 0.900532
7.28661 0.90091
7.30184 0.881557
7.31706 0.901241
7.33229 0.921629
7.34752 0.911516
7.36275 0.898872
7.37798 0.885941
7.3932 0.904305
7.40843 0.904212
7.42366 0.890826
7.43889 0.898525
7.45412 0.908131
7.46934 0.893931
7.48457 0.902622
7.4998 0.900913
7.51503 0.891802
7.53026 0.9072
7.54548 0.90538
7.56071 0.916834
7.57594 0.90978
7.59117 0.902775
7.6064 0.915618
7.62162 0.921957
7.63685 0.930392
7.65208 0.914901
7.66731 0.928264
7.68254 0.945414
7.69776 0.933115
7.71299 0.928379
7.72822 0.930241
7.74345 0.926761
7.75868 0.913742
7.7739 0.920898
7.78913 0.918335
7.80436 0.918705
7.81959 0.926679
7.83482 0.91882
7.85004 0.924425
7.86527 0.92347
7.8805 0.929338
7.89573 0.920387
7.91096 0.910245
7.92618 0.929063
7.94141 0.915551
7.95664 0.929648
7.97187 0.909968
7.9871 0.924868
8.00232 0.938585
8.01755 0.938848
8.03278 0.92832
8.04801 0.933774
8.06324 0.943364
8.07846 0.940132
8.09369 0.93021
8.10892 0.943742
8.12415 0.946944
8.13938 0.948457
8.1546 0.950266
8.16983 0.951507
8.18506 0.940788
8.20029 0.95192
8.21552 0.951572
8.23074 0.951606
8.24597 0.948094
8.2612 0.94169
8.27643 0.971444
8.29166 0.972215
8.30688 0.966304
8.32211 0.96179
8.33734 0.95399
8.35257 0.967459
8.3678 0.956247
8.38302 0.973691
8.39825 0.967715
8.41348 0.967023
8.42871 0.989375
8.44394 0.959033
8.45916 0.992278
8.47439 0.964024
8.48962 0.973777
8.50485 0.973258
8.52008 0.971151
8.5353 0.98413
8.55053 0.978553
8.56576 1.00359
8.58099 0.997689
8.59622 0.989557
8.61145 0.987965
8.62667 0.995936
8.6419 0.99299
8.65713 0.997037
8.67236 0.998128
8.68759 0.990266
8.70281 0.995851
8.71804 1.00834
8.73327 1.01223
8.7485 1.00208
8.76373 0.998809
8.77895 1.01231
8.79418 1.00293
8.80941 1.00526
8.82464 1.003
8.83987 1.02445
8.85509 1.01159
8.87032 1.01443
8.88555 1.01672
8.90078 1.01338
8.91601 1.02644
8.93123 1.00937
8.94646 1.02096
8.96169 1.02023
8.97692 1.02391
8.99215 1.03992
9.00737 1.02596
9.0226 1.03413
9.03783 1.01874
9.05306 1.01531
9.06829 1.03073
9.08351 1.03628
9.09874 1.02732
9.11397 1.0465
9.1292 1.02776
9.14443 1.02446
9.15965 1.0465
9.17488 1.03725
9.19011 1.03839
9.20534 1.02212
9.22057 1.02933
9.23579 1.04286
9.25102 1.03864
9.26625 1.0345
9.28148 1.03948
9.29671 1.03959
9.31193 1.03402
9.32716 1.0339
9.34239 1.04221
9.35762 1.04486
9.37285 1.05873
9.38807 1.04438
9.4033 1.03402
9.41853 1.04866
9.43376 1.04222
9.44899 1.04402
9.46421 1.04534
9.47944 1.03581
9.49467 1.04015
9.5099 1.01982
9.52513 1.05334
9.54035 1.04228
9.55558 1.04641
9.57081 1.03052
9.58604 1.04205
9.60127 1.03761
9.61649 1.05254
9.63172 1.04555
9.64695 1.04298
9.66218 1.04681
9.67741 1.04089
9.69263 1.04815
9.70786 1.04381
9.72309 1.03833
9.73832 1.04771
9.75355 1.03961
9.76877 1.03818
9.784 1.0415
9.79923 1.04519
9.81446 1.04151
9.82969 1.03856
9.84491 1.03918
9.86014 1.05077
9.87537 1.03063
9.8906 1.03794
9.90583 1.04232
9.92105 1.0421
9.93628 1.05062
9.95151 1.03346
9.96674 1.03362
9.98197 1.03882
9.99719 1.02744
10.0124 1.02787
10.0277 1.02953
10.0429 1.022
10.0581 1.03116
10.0733 1.03738
10.0886 1.03841
10.1038 1.04333
10.119 1.0361
10.1342 1.02148
10.1495 1.0205
10.1647 1.04144
10.1799 1.03162
10.1952 1.03372
10.2104 1.03164
10.2256 1.04078
10.2408 1.04197
10.2561 1.02764
10.2713 1.02886
10.2865 1.02384
10.3018 1.01692
10.317 1.02414
10.3322 1.02132
10.3474 1.01519
10.3627 1.02152
10.3779 1.02537
10.3931 1.03965
10.4084 1.02686
10.4236 1.01534
10.4388 1.02145
10.454 0.999813
10.4693 1.00545
10.4845 1.0188
10.4997 1.0196
10.5149 1.01774
10.5302 1.01729
10.5454 1.01704
10.5606 1.00468
10.5759 1.00492
10.5911 1.01043
10.6063 1.01423
10.6215 1.02653
10.6368 1.01957
10.652 1.0155
10.6672 1.015
10.6825 1.00683
10.6977 1.01174
10.7129 1.01652
10.7281 1.00918
10.7434 1.00501
10.7586 1.00538
10.7738 1.00632
10.7891 1.01332
10.8043 1.00993
10.8195 1.0083
10.8347 0.992809
10.85 1.00651
10.8652 1.00201
10.8804 1.01025
10.8956 1.0169
10.9109 1.00374
10.9261 1.00002
10.9413 0.997109
10.9566 1.01582
10.9718 0.992798
10.987 1.00283
11.0022 0.982988
11.0175 0.998629
11.0327 0.993983
11.0479 0.99613
11.0632 1.00155
11.0784 0.994582
11.0936 0.990791
11.1088 1.01194
11.1241 0.992389
11.1393 0.989425
11.1545 0.988659
11.1698 0.992673
11.185 0.992648
11.2002 0.994037
11.2154 0.995913
11.2307 0.991514
11.2459 0.988707
11.2611 0.997336
11.2763 0.99666
11.2916 0.993194
11.3068 0.987206
11.322 0.994386
11.3373 0.999408
11.3525 0.984634
11.3677 0.988231
11.3829 0.988132
11.3982 1.00011
11.4134 0.98672
11.4286 0.983892
11.4439 0.98491
11.4591 0.982931
11.4743 0.986641
11.4895 0.980461
11.5048 0.968936
11.52 0.973432
11.5352 0.978253
11.5505 0.980106
11.5657 0.979677
11.5809 0.989192
11.5961 0.983523
11.6114 0.984165
11.6266 0.98658
11.6418 0.975048
11.657 0.971116
11.6723 0.979756
11.6875 0.977166
11.7027 0.99796
11.718 0.985845
11.7332 0.977474
11.7484 0.978997
11.7636 0.9858
11.7789 0.980538
11.7941 0.986055
11.8093 0.978488
11.8246 0.979635
11.8398 0.990661
11.855 0.967723
11.8702 0.987626
11.8855 0.974989
11.9007 0.984461
11.9159 0.976494
11.9312 0.971652
11.9464 0.976983
11.9616 0.985866
11.9768 0.976214
11.9921 0.976609
12.0073 0.971812
12.0225 0.982596
12.0377 0.974517
12.053 0.979185
12.0682 0.977757
12.0834 0.986757
12.0987 0.972054
12.1139 0.993208
12.1291 0.998182
12.1443 0.990041
12.1596 0.98307
12.1748 0.979413
12.19 0.981015
12.2053 0.980816
12.2205 0.989581
12.2357 0.97856
12.2509 0.981112
12.2662 0.993313
12.2814 0.974518
12.2966 0.984698
12.3119 0.986853
12.3271 0.983314
12.3423 0.984083
12.3575 0.979056
12.3728 0.977399
12.388 0.992448
12.4032 0.982261
12.4184 0.981787
12.4337 0.983105
12.4489 0.989612
12.4641 0.990494
12.4794 0.980085
12.4946 0.996661
12.5098 0.985045
12.525 0.986719
12.5403 0.990078
12.5555 0.990133
12.5707 1.00157
12.586 0.987559
12.6012 0.984581
12.6164 0.995218
12.6316 0.992296
12.6469 0.991052
12.6621 0.980677
12.6773 1.00429
12.6926 0.991009
12.7078 0.992101
12.723 0.991408
12.7382 0.983333
12.7535 0.99848
12.7687 0.985898
12.7839 0.987423
12.7992 0.99989
12.8144 0.995572
12.8296 0.994036
12.8448 0.993298
12.8601 0.995881
12.8753 0.997597
12.8905 0.983185
12.9057 0.98454
12.921 0.982503
12.9362 1.00241
12.9514 0.998406
12.9667 0.999609
12.9819 0.984912
12.9971 1.00075
13.0123 1.0002
13.0276 0.998851
13.0428 0.993752
13.058 1.00349
13.0733 1.0003
13.0885 0.994094
13.1037 0.995654
13.1189 1.00459
13.1342 1.00538
13.1494 1.00399
13.1646 0.99627
13.1799 1.00068
13.1951 1.00159
13.2103 1.00441
13.2255 1.00293
13.2408 0.988753
13.256 1.00169
13.2712 0.993724
13.2864 1.01453
13.3017 1.00304
13.3169 0.995058
13.3321 1.0002
13.3474 1.0015
13.3626 1.00121
13.3778 1.00273
13.393 0.99926
13.4083 1.00325
13.4235 0.995718
13.4387 1.02358
13.454 0.999682
13.4692 0.999181
13.4844 1.00656
13.4996 1.01058
13.5149 1.00097
13.5301 1.00441
13.5453 1.00263
13.5606 1.00886
13.5758 0.999558
13.591 1.0046
13.6062 1.01246
13.6215 1.00696
13.6367 1.01056
13.6519 1.01443
13.6671 1.00576
13.6824 1.00771
13.6976 1.01537
13.7128 0.998899
13.7281 1.00204
13.7433 1.00561
13.7585 1.00836
13.7737 1.01148
13.789 1.00545
13.8042 1.01114
13.8194 1.00184
13.8347 1.01227
13.8499 1.01124
13.8651 1.00312
13.8803 1.00778
13.8956 0.995527
13.9108 1.00581
13.926 1.0065
13.9413 1.00925
13.9565 1.00606
13.9717 1.01702
13.9869 1.00879
14.0022 1.00281
14.0174 1.01072
14.0326 1.01095
14.0478 1.01793
14.0631 1.0039
14.0783 1.00854
14.0935 1.00036
14.1088 1.0044
14.124 1.00764
14.1392 1.0119
14.1544 1.00936
14.1697 1.00897
14.1849 1.00069
14.2001 1.00905
14.2154 1.00775
14.2306 1.01383
14.2458 1.00666
14.261 1.01318
14.2763 1.00309
14.2915 1.00106
14.3067 1.00887
14.322 1.00323
14.3372 1.0128
14.3524 1.00842
14.3676 1.00231
14.3829 1.00777
14.3981 1.00567
14.4133 1.00274
14.4285 1.00474
14.4438 1.00987
14.459 1.00369
14.4742 1.0025
14.4895 1.00707
14.5047 1.00872
14.5199 1.01052
14.5351 1.00823
14.5504 1.00837
14.5656 1.0055
14.5808 1.00475
14.5961 1.01167
14.6113 0.998363
14.6265 1.01088
14.6417 1.01227
14.657 1.00522
14.6722 1.00732
14.6874 1.00862
14.7027 1.01171
14.7179 1.00598
14.7331 1.00163
14.7483 1.00471
14.7636 1.00259
14.7788 1.0033
14.794 1.00509
14.8092 1.002
14.8245 0.995416
14.8397 1.00489
14.8549 1.00615
14.8702 1.00987
14.8854 1.01387
14.9006 1.01067
14.9158 1.00599
14.9311 1.00329
14.9463 1.00082
14.9615 0.999999
14.9768 1.00249
14.992 0.999873
15.0072 0.999657
15.0224 1.00289
15.0377 1.00172
15.0529 0.9996
15.0681 1.00539
15.0834 1.00327
15.0986 1.00432
15.1138 1.00793
15.129 1.00771
15.1443 1.00527
15.1595 0.998929
15.1747 1.00272
15.1899 0.996197
15.2052 1.00656
15.2204 1.00242
15.2356 1.0088
15.2509 0.999342
15.2661 1.00018
15.2813 1.00681
15.2965 1.00264
15.3118 1.00544
15.327 1.00505
15.3422 0.99463
15.3575 1.0069
15.3727 1.00132
15.3879 1.00035
15.4031 1.00622
15.4184 1.00362
15.4336 0.999379
15.4488 1.00344
15.4641 1.00498
15.4793 1.00211
15.4945 0.993869
15.5097 1.0079
15.525 1.0023
15.5402 0.999838
15.5554 1.0038
15.5707 1.00247
15.5859 0.997689
15.6011 1.00086
15.6163 0.99927
15.6316 0.995719
15.6468 0.999059
15.662 1.00104
15.6772 0.995755
15.6925 0.992995
15.7077 0.990329
15.7229 1.00235
15.7382 0.993933
15.7534 1.00392
15.7686 1.00331
15.7838 1.00066
15.7991 0.990642
15.8143 0.995261
15.8295 1.00088
15.8448 0.996147
15.86 1.00313
15.8752 0.999966
15.8904 0.997574
15.9057 1.00813
15.9209 0.997475
15.9361 1.00762
15.9514 0.991799
15.9666 1.00476
15.9818 0.990112
15.997 1.00309
16.0123 0.999303
16.0275 0.988324
16.0427 0.996407
16.0579 0.988229
16.0732 0.99393
16.0884 0.995404
16.1036 0.998645
16.1189 1.00401
16.1341 0.994678
16.1493 0.989233
16.1645 0.996978
16.1798 0.998579
16.195 0.990041
16.2102 0.998632
16.2255 0.995467
16.2407 0.995069
16.2559 0.993938
16.2711 0.991545
16.2864 0.998999
16.3016 1.00148
16.3168 0.988161
16.3321 0.995281
16.3473 0.995091
16.3625 0.992361
16.3777 0.992252
16.393 0.988035
16.4082 1.00054
16.4234 0.998491
16.4386 0.99308
16.4539 0.996208
16.4691 0.997626
16.4843 0.992839
16.4996 0.994888
16.5148 0.986361
16.53 0.997887
16.5452 0.998764
16.5605 1.0012
16.5757 0.994202
16.5909 0.999865
16.6062 1.00454
16.6214 0.994557
16.6366 1.00695
16.6518 1.00094
16.6671 0.994949
16.6823 0.996254
16.6975 0.996389
16.7128 0.996278
16.728 0.996072
16.7432 0.995959
16.7584 0.994522
16.7737 0.991472
16.7889 1.00073
16.8041 1.00351
16.8193 0.992454
16.8346 0.997322
16.8498 0.996165
16.865 0.9949
16.8803 0.996043
16.8955 1.00158
16.9107 0.998896
16.9259 1.00849
16.9412 1.00116
16.9564 0.997542
16.9716 0.998985
16.9869 1.00118
17.0021 0.997707
17.0173 0.993592
17.0325 0.996901
17.0478 0.999206
17.063 0.993668
17.0782 0.994641
17.0935 0.999475
17.1087 1.0005
17.1239 1.00145
17.1391 0.990611
17.1544 0.999606
17.1696 0.99645
17.1848 1.00269
17.2 0.993685
17.2153 0.996516
17.2305 1.00043
17.2457 0.998152
17.261 0.998165
17.2762 0.998825
17.2914 0.994162
17.3066 0.996814
17.3219 0.995219
17.3371 1.00938
17.3523 1.00068
17.3676 0.998782
17.3828 0.990905
17.398 1.00403
17.4132 0.999689
17.4285 0.999786
17.4437 0.996597
17.4589 0.996798
17.4742 0.999653
17.4894 0.99952
17.5046 0.994026
17.5198 0.99402
17.5351 0.99175
17.5503 0.997179
17.5655 1.00362
17.5807 0.997315
17.596 0.999813
17.6112 1.00139
17.6264 1.00496
17.6417 0.994087
17.6569 0.997725
17.6721 0.989625
17.6873 1.00586
17.7026 0.993616
17.7178 0.997124
17.733 0.998224
17.7483 0.998886
17.7635 0.999942
17.7787 0.992025
17.7939 1.00268
17.8092 1.00168
17.8244 0.994124
17.8396 0.998065
17.8549 0.999267
17.8701 1.00212
17.8853 0.994297
17.9005 0.998222
17.9158 1.00228
17.931 1.00492
17.9462 1.00299
17.9614 0.998531
17.9767 0.999786
17.9919 0.999468
18.0071 1.00673
18.0224 1.00307
18.0376 1.00901
18.0528 1.00716
18.068 1.00407
18.0833 0.998623
18.0985 1.00284
18.1137 1.00499
18.129 1.00515
18.1442 0.998237
18.1594 0.994327
18.1746 0.991965
18.1899 0.991822
18.2051 0.998133
18.2203 1.00003
18.2356 1.00119
18.2508 0.999832
18.266 1.00296
18.2812 1.002
18.2965 1.00263
18.3117 1.00378
18.3269 0.999873
18.3421 1.00774
18.3574 0.999073
18.3726 0.997758
18.3878 1.0035
18.4031 0.999818
18.4183 1.00951
18.4335 1.00258
18.4487 1.00002
18.464 0.999983
18.4792 1.00451
18.4944 1.00087
18.5097 1.00218
18.5249 1.0007
18.5401 1.0021
18.5553 0.995278
18.5706 1.00548
18.5858 0.997546
18.601 1.00442
18.6163 0.999869
18.6315 1.00298
18.6467 0.994695
18.6619 0.996902
18.6772 1.00595
18.6924 1.00114
18.7076 1.00758
18.7229 1.00893
18.7381 1.00742
18.7533 1.00933
18.7685 0.99939
18.7838 0.997533
18.799 0.998567
18.8142 1.00338
18.8294 0.99885
18.8447 1.00266
18.8599 1.00529
18.8751 1.00437
18.8904 1.00419
18.9056 0.99647
18.9208 1.00137
18.936 1.00081
18.9513 1.00005
18.9665 0.995256
18.9817 1.00025
18.997 1.00585
19.0122 1.00214
19.0274 1.00047
19.0426 1.0036
19.0579 1.00061
19.0731 1.00344
19.0883 1.00321
19.1036 0.997911
19.1188 0.996393
19.134 0.999137
19.1492 1.00116
19.1645 1.00109
19.1797 1.00899
19.1949 1.00364
19.2101 1.0008
19.2254 0.999186
19.2406 0.995161
19.2558 1.00288
19.2711 1.00665
19.2863 1.00518
19.3015 1.00567
19.3167 0.999429
19.332 1.00221
19.3472 1.00257
19.3624 1.00423
19.3777 1.00342
19.3929 0.999955
19.4081 1.00227
19.4233 1.00342
19.4386 1.00159
19.4538 1.00671
19.469 0.999214
19.4843 0.998714
19.4995 1.00289
19.5147 0.996272
19.5299 0.997873
19.5452 1.00403
19.5604 1.00298
19.5756 1.00327
19.5908 1.00311
19.6061 0.999254
19.6213 0.992405
19.6365 1.0052
19.6518 0.999625
19.667 0.999106
19.6822 0.999221
19.6974 1.00876
19.7127 0.99767
19.7279 1.00024
19.7431 0.999935
19.7584 1.00093
19.7736 0.999372
19.7888 0.99678
19.804 0.999702
19.8193 0.999524
19.8345 1.00203
19.8497 1.00823
19.865 0.998975
19.8802 0.998319
19.8954 1.00046
19.9106 1.00297
19.9259 1.00094
19.9411 1.00732
19.9563 0.996415
19.9715 1.0019
19.9868 1.00273
20.002 1.00234
20.0172 1.00121
20.0325 1.00486
20.0477 1.00002
20.0629 0.999032
20.0781 0.998205
20.0934 0.997586
20.1086 1.00454
20.1238 1.00902
20.1391 0.998134
20.1543 0.997283
20.1695 0.995032
20.1847 0.998024
20.2 1.00387
20.2152 0.998808
20.2304 1.00055
20.2457 0.999123
20.2609 1.0006
20.2761 1.00313
20.2913 1.00018
20.3066 1.00623
20.3218 1.00005
20.337 0.99549
20.3522 1.00021
20.3675 0.996335
20.3827 0.999291
20.3979 0.99702
20.4132 0.994805
20.4284 0.999715
20.4436 1.00425
20.4588 0.993117
20.4741 1.00318
20.4893 0.9952
20.5045 1.002
20.5198 0.999938
20.535 1.00127
20.5502 0.993471
20.5654 1.00144
20.5807 0.997991
20.5959 1.00089
20.6111 0.998701
20.6264 0.999329
20.6416 0.997229
20.6568 1.0031
20.672 0.996631
20.6873 0.991754
20.7025 1.00318
20.7177 0.998443
20.7329 1.00324
20.7482 0.996948
20.7634 0.997379
20.7786 0.996814
20.7939 0.993044
20.8091 0.996725
20.8243 0.995521
20.8395 1.00014
20.8548 1.00374
20.87 1.00182
20.8852 0.9985
20.9005 0.995106
20.9157 0.998739
20.9309 0.997573
20.9461 1.00022
20.9614 0.998283
20.9766 0.994195
20.9918 0.99083
21.0071 0.991978
21.0223 0.993855
21.0375 1.00076
21.0527 0.994345
21.068 0.997493
21.0832 0.994287
21.0984 1.0028
21.1136 1.00074
21.1289 0.994069
21.1441 0.998804
21.1593 1.00031
21.1746 1.00117
21.1898 0.996983
21.205 1.00341
21.2202 0.996365
21.2355 1.00166
21.2507 1.00267
21.2659 1.00139
21.2812 0.998731
21.2964 1.00212
21.3116 0.99536
21.3268 1.00053
21.3421 1.00149
21.3573 0.999913
21.3725 0.990863
21.3878 1.00145
21.403 0.996825
21.4182 0.999125
21.4334 0.995099
21.4487 0.989809
21.4639 0.999203
21.4791 1.00341
21.4943 1.00554
21.5096 0.998038
21.5248 0.999866
21.54 0.998002
21.5553 0.998078
21.5705 0.995973
21.5857 0.998171
21.6009 0.998334
21.6162 0.995652
21.6314 0.996363
21.6466 0.999092
21.6619 0.99693
21.6771 1.00172
21.6923 0.998679
21.7075 0.992616
21.7228 1.00376
21.738 1.00014
21.7532 0.99862
21.7685 0.999707
21.7837 1.00186
21.7989 0.997257
21.8141 1.00062
21.8294 0.998933
21.8446 1.00082
21.8598 0.999632
21.8751 0.995114
21.8903 0.994505
21.9055 0.996186
21.9207 1.00017
21.936 1.00553
21.9512 1.00206
21.9664 1.00012
21.9816 1.00268
21.9969 0.991884
22.0121 0.997788
22.0273 0.99504
22.0426 0.996637
22.0578 0.997132
22.073 1.00624
22.0882 1.0025
22.1035 1.00008
22.1187 0.997431
22.1339 1.00277
22.1492 1.0005
22.1644 1.00028
22.1796 1.0045
22.1948 1.0003
22.2101 0.998891
22.2253 0.993679
22.2405 0.996379
22.2558 0.999768
22.271 1.00507
22.2862 0.995205
22.3014 1.00067
22.3167 1.00208
22.3319 0.995291
22.3471 0.993997
22.3623 0.995531
22.3776 0.997707
22.3928 1.00108
22.408 1.00152
22.4233 0.989714
22.4385 1.00307
22.4537 1.0033
22.4689 1.0017
22.4842 0.99486
22.4994 0.99589
22.5146 0.995885
22.5299 1.00418
22.5451 1.00161
22.5603 1.00012
22.5755 0.999632
22.5908 0.999197
22.606 0.997626
22.6212 1.00919
22.6365 0.999312
22.6517 0.999223
22.6669 0.999326
22.6821 0.993461
22.6974 1.00269
22.7126 1.00336
22.7278 1.00175
22.743 1.0048
22.7583 0.999003
22.7735 0.999332
22.7887 1.00336
22.804 1.00058
22.8192 1.00452
22.8344 1.00517
22.8496 0.995398
22.8649 1.00111
22.8801 0.998855
22.8953 1.00567
22.9106 0.999649
22.9258 1.00115
22.941 1.00112
22.9562 1.00368
22.9715 1.00887
22.9867 1.00259
23.0019 1.00518
23.0172 1.00248
23.0324 0.998291
23.0476 1.00694
23.0628 0.999678
23.0781 1.00071
23.0933 1.00532
23.1085 1.00449
23.1237 1.00214
23.139 1.00212
23.1542 0.999775
23.1694 0.997448
23.1847 0.99859
23.1999 1.00529
23.2151 1.00113
23.2303 0.996896
23.2456 1.00051
23.2608 0.999121
23.276 1.00335
23.2913 1.00349
23.3065 0.99828
23.3217 1.0034
23.3369 0.999027
23.3522 1.00479
23.3674 1.00243
23.3826 1.00185
23.3979 1.00283
23.4131 1.00216
23.4283 0.99977
23.4435 0.997196
23.4588 1.00571
23.474 1.00058
23.4892 0.995492
23.5044 1.00218
23.5197 1.00056
23.5349 1.00404
23.5501 1.00583
23.5654 1.00327
23.5806 1.00159
23.5958 1.00094
23.611 0.997837
23.6263 0.999812
23.6415 0.997139
23.6567 1.00263
23.672 1.00012
23.6872 0.99408
23.7024 1.00205
23.7176 0.991222
23.7329 0.999255
23.7481 0.998864
23.7633 0.999196
23.7786 1.00195
23.7938 1.00254
23.809 1.00246
23.8242 1.00131
23.8395 0.995023
23.8547 0.998827
23.8699 0.999389
23.8851 0.998125
23.9004 0.996176
23.9156 1.00486
23.9308 1.00284
23.9461 0.998025
23.9613 0.995171
23.9765 0.992233
23.9917 0.999198
24.007 0.996588
24.0222 1.00457
24.0374 0.997793
24.0527 0.996594
24.0679 1.00008
24.0831 1.00188
24.0983 0.9997
24.1136 1.0018
24.1288 0.999109
24.144 1.00026
24.1593 0.997703
24.1745 0.998935
24.1897 1.00307
24.2049 1.00645
24.2202 0.99525
24.2354 0.996948
24.2506 1.00168
24.2658 1.00102
24.2811 1.00543
24.2963 0.995561
24.3115 1.00096
24.3268 0.997224
24.342 1.00214
24.3572 1.00126
24.3724 1.00095
24.3877 1.00089
24.4029 0.999522
24.4181 0.998522
24.4334 0.999231
24.4486 0.998617
24.4638 1.00612
24.479 0.996587
24.4943 1.00999
24.5095 1.00448
24.5247 1.00117
24.54 0.999463
24.5552 1.00132
24.5704 1.00034
24.5856 1.00558
24.6009 1.00302
24.6161 0.99512
24.6313 0.993028
24.6465 1.00115
24.6618 0.997173
24.677 0.998631
24.6922 1.00296
24.7075 1
24.7227 0.998358
24.7379 0.999976
24.7531 0.997337
24.7684 0.998541
24.7836 1.00185
24.7988 0.994389
24.8141 0.995106
24.8293 0.998645
24.8445 0.99787
24.8597 1.00206
24.875 0.996485
24.8902 0.996423
24.9054 1.00047
24.9207 1.00072
24.9359 0.999698
24.9511 1.00333
24.9663 0.996883
24.9816 0.996674
24.9968 1.0036
25.012 0.995694
25.0273 1.00058
25.0425 0.995443
25.0577 1.00488
25.0729 1.00547
25.0882 0.997571
25.1034 0.998793
25.1186 1.00479
25.1338 0.995745
25.1491 0.998277
25.1643 1.00117
25.1795 1.00319
25.1948 0.995023
25.21 0.998002
25.2252 0.996658
25.2404 0.99796
25.2557 0.996297
25.2709 0.999635
25.2861 1.0053
25.3014 1.00365
25.3166 0.999025
25.3318 0.996284
25.347 1.00439
25.3623 1.00172
25.3775 0.997191
25.3927 0.997091
25.408 0.996893
25.4232 1.00106
25.4384 1.00067
25.4536 0.999308
25.4689 1.0026
25.4841 0.99746
25.4993 0.998779
25.5145 0.999765
25.5298 1.0032
25.545 0.999851
25.5602 0.996915
25.5755 0.99947
25.5907 1.00142
25.6059 1.00072
25.6211 1.00004
25.6364 0.996358
25.6516 0.99946
25.6668 0.998759
25.6821 0.99698
25.6973 1.00646
25.7125 0.996471
25.7277 0.999867
25.743 1.00194
25.7582 0.994721
25.7734 1.00047
25.7887 0.996856
25.8039 0.998782
25.8191 1.00011
25.8343 0.99849
25.8496 1.00178
25.8648 0.999791
25.88 0.99774
25.8952 1.00005
25.9105 1.0004
25.9257 0.999846
25.9409 0.998851
25.9562 0.998269
25.9714 1.00212
25.9866 0.9982
26.0018 1.00176
26.0171 0.999898
26.0323 0.995255
26.0475 0.99585
26.0628 0.998067
26.078 0.996079
26.0932 1.00135
26.1084 1.0028
26.1237 0.996254
26.1389 0.997658
26.1541 0.994967
26.1694 0.995345
26.1846 1.00178
26.1998 1.00647
26.215 1.00109
26.2303 1.00039
26.2455 0.998728
26.2607 0.997047
26.2759 1.00197
26.2912 0.999937
26.3064 0.998281
26.3216 0.994619
26.3369 0.998552
26.3521 1.00381
26.3673 0.999926
26.3825 1.00236
26.3978 1.00152
26.413 1.00115
26.4282 1.00156
26.4435 0.999225
26.4587 0.999091
26.4739 0.999024
26.4891 0.999396
26.5044 0.998598
26.5196 0.999244
26.5348 0.99708
26.5501 1.00276
26.5653 1.00152
26.5805 1.00352
26.5957 1.00357
26.611 1.00525
26.6262 0.997804
26.6414 0.998594
26.6566 0.995068
26.6719 0.999998
26.6871 1.00021
26.7023 1.0027
26.7176 0.9993
26.7328 1.00225
26.748 0.998992
26.7632 0.996468
26.7785 1.00607
26.7937 1.00099
26.8089 0.998228
26.8242 0.998621
26.8394 1.00451
26.8546 0.996466
26.8698 0.999503
26.8851 1.0021
26.9003 0.99847
26.9155 0.99851
26.9308 0.996003
26.946 0.9992
26.9612 0.998245
26.9764 0.998857
26.9917 1.00017
27.0069 1.00556
27.0221 1.00187
27.0373 1.0026
27.0526 0.997995
27.0678 1.0002
27.083 1.00025
27.0983 1.00026
27.1135 1.00449
27.1287 1.00232
27.1439 1.00199
27.1592 0.997055
27.1744 0.999161
27.1896 1.00601
27.2049 0.996989
27.2201 1.00062
27.2353 1.00093
27.2505 1.00147
27.2658 0.998069
27.281 0.998241
27.2962 1.00216
27.3115 0.99927
27.3267 0.998969
27.3419 1.00493
27.3571 0.998514
27.3724 0.998109
27.3876 1.00217
27.4028 1.00006
27.418 0.997144
27.4333 1.0037
27.4485 0.995328
27.4637 0.999169
27.479 0.998242
27.4942 1.00106
27.5094 1.00297
27.5246 0.999329
27.5399 1.00397
27.5551 0.996963
27.5703 1.00288
27.5856 0.997821
27.6008 1.00177
27.616 1.0011
27.6312 1.0005
27.6465 1.00079
27.6617 0.99898
27.6769 0.999213
27.6922 1.00073
27.7074 0.995655
27.7226 1.00389
27.7378 1.00037
27.7531 1.00112
27.7683 1.00657
27.7835 0.999549
27.7987 1.00039
27.814 0.999822
27.8292 1.004
27.8444 1.00202
27.8597 1.00219
27.8749 0.998042
27.8901 1.00101
27.9053 1.00378
27.9206 0.999355
27.9358 0.996409
27.951 0.998745
27.9663 0.998534
27.9815 0.999825
27.9967 0.998525
28.0119 1.00447
28.0272 1.00324
28.0424 0.999877
28.0576 1.00488
28.0729 1.00332
28.0881 1.00015
28.1033 1.00115
28.1185 1.00392
28.1338 1.0026
28.149 1.00011
28.1642 1.00127
28.1795 0.999719
28.1947 0.998751
28.2099 0.998337
28.2251 0.994791
28.2404 0.998638
28.2556 0.998289
28.2708 1.00161
28.286 0.997075
28.3013 1.00081
28.3165 1.0002
28.3317 0.992318
28.347 1.00077
28.3622 1.00315
28.3774 1.00343
28.3926 1.00571
28.4079 0.998393
28.4231 0.998101
28.4383 0.999632
28.4536 1.00026
28.4688 0.999534
28.484 0.99882
28.4992 1.00634
28.5145 0.997968
28.5297 0.996157
28.5449 1.00133
28.5602 0.997157
28.5754 0.997503
28.5906 0.9979
28.6058 0.998794
28.6211 0.998178
28.6363 1.00237
28.6515 0.999492
28.6667 1.00073
28.682 0.996741
28.6972 0.998567
28.7124 0.997349
28.7277 1.00626
28.7429 0.999865
28.7581 1.00237
28.7733 0.999891
28.7886 0.996883
28.8038 1.0007
28.819 1.00378
28.8343 1.00169
28.8495 0.99922
28.8647 0.999077
28.8799 0.999014
28.8952 1.00091
28.9104 0.997305
28.9256 1.00105
28.9409 0.999335
28.9561 1.00103
28.9713 1.00067
28.9865 1.00059
29.0018 0.994208
29.017 0.995141
29.0322 0.999291
29.0474 1.00169
29.0627 0.998696
29.0779 1.00203
29.0931 0.998819
29.1084 0.99799
29.1236 0.998192
29.1388 1.00433
29.154 1.00138
29.1693 0.997828
29.1845 0.997426
29.1997 0.997582
29.215 1.00067
29.2302 0.999649
29.2454 1.00444
29.2606 1.00105
29.2759 1.00134
29.2911 1.00334
29.3063 1.00224
29.3216 1.00076
29.3368 1.00436
29.352 0.997439
29.3672 1.00314
29.3825 0.995197
29.3977 0.999704
29.4129 0.997496
29.4281 0.997932
29.4434 1.00134
29.4586 1.0079
29.4738 0.999905
29.4891 0.999492
29.5043 1.00292
29.5195 0.99782
29.5347 0.999292
29.55 0.999365
29.5652 1.00185
29.5804 1.00363
29.5957 1.00107
29.6109 0.999141
29.6261 1.00139
29.6413 0.997065
29.6566 1.00339
29.6718 0.99591
29.687 0.996254
29.7023 0.997663
29.7175 1.00078
29.7327 0.99736
29.7479 0.997492
29.7632 1.00173
29.7784 0.998626
29.7936 0.998902
29.8088 0.997452
29.8241 0.998709
29.8393 1.00049
29.8545 0.998527
29.8698 0.999086
29.885 0.998812
29.9002 1.00077
29.9154 0.999024
29.9307 1.00053
29.9459 0.994986
29.9611 0.996982
29.9764 1.00171
29.9916 1.00101
30.0068 1.0003
30.022 0.999753
30.0373 1.00202
30.0525 1.00256
30.0677 1.00769
30.083 1.00259
30.0982 0.996561
30.1134 1.00201
30.1286 0.999462
30.1439 0.996334
30.1591 0.999031
30.1743 1.00018
30.1895 1.00502
30.2048 1.00052
30.22 0.999378
30.2352 0.996158
30.2505 1.00432
30.2657 0.999367
30.2809 1.00263
30.2961 1.00223
30.3114 1.00106
30.3266 1.00262
30.3418 1.00204
30.3571 0.999411
30.3723 1.00333
30.3875 0.999748
30.4027 0.999109
30.418 0.999573
30.4332 0.996037
30.4484 0.998088
